852165179211120641
852165179211120643
852468031745294346
852468088540364810
852468134174654464
852468185890684989
852468243393413120
852469418121887794
852469462141501441
852472413479632927
852485071894216725
852853920002342933
852939795612827668
853096791259611186
853097126292619334
853097275366309908
853566498136391720
853566849953824768
853566889149857792
853569415059865610
853569474061008916
853569941399535617
853570316550012931
853918749883236372
854201224780972073
855067156671496202
855067300808753162
855970573275889664
857454013046194176
860874873902727188
