852165179211120640
857464658775244810
856087974281740319
855322508630556693
854751849600122921
853852274728108063
853682746299121685
853169222694469633
853099402495000577
852496350621073419
852476349066772491
852719640094572544
853105300379009084
853105299812122664
853105300851785748
853105298284740640
853105297819435060
853109881291931698
853105299300155422
853105298872729620
853109940104724511
852471609787940884
852504058514112513
852423401263726634
855663040636518410
852478585738231830
852179158012526663
852485495753539595
852858197286846475
852949785841500222
853102258198413393
852425655135895572
853102431928057877
852798411954585650
859319431830306817
852798148636180500
852485708718538772
855356058402422805
852472125637132318
852469328640868383
854007666098307093
852481616000319550
852422494701879346
