422766574139736075
854303717850087424
852901444759846932
767415147417305138
852776515884417034
472911936951156740
798508934486556702
812217633662566402
858382931001081876
807688893326426112
838694854950256640
751868349654499449
815149818006732810
852837263669854248
852614367043387444
796840766390927390
832613849235718186
808614820596285450
853575981084311592
574203871912787969
272832451678568448
845155300993662976
116275390695079945
778181110113763350
855676522283008000
853542324558626837
694882125526204486
711221886603886643
848567062846636052
479149786080215052
651095740390834176
490524979616677889
647579815687356426
827881098842210355
847557456044359732
404928053257699328
706265525289877577
645866131554435072
848727079909457961
697498908233957454
854055364470243338
757548059776385065
838360725478178816
852841934790983681
464826125659537409
816324056063148072
859839013342674965
676746571060346880
707790774263087114
611381112530534400
423095460664836105
853266563598647326
834308241373528064
805628609569488906
852833602580381748
854715213524893698
526088491877007361
738255394811674725
853146726814056478
852918459138703380
684038751109775392
712698973294428231
803177593251168296
756426350155399201
747645130345021532
825264438176382986
765951055484682302
684313288372518968
732785784771313696
645029833189097472
675197713670864907
840463193238536193
852161010818220068
761957429859581952
853266108190687252
473514628656136193
439028246382903316
647281002544103444
820214019964403732
448085325609304074
770108433310416917
825392720620158976
807500640955531266
691576939244159037
728487885795360779
731068970890952734
641668744707440642
727183084134334860
787634742760964117
728636240265478156
852912278692298782
678065441666498589
696308217831227464
803610107199094784
852895814405193769
596960396557025310
709650870371090463
750170788816224257
848213827644686386
718358369123041370
616266227240665089
751359482453426246
422363783013335063
813306280302215199
804324862532386826
585729609836789780
806110202252230687
505619712592445442
732260225284964352
797394473009020948
724049562242646126
857847469631471647
790215003323760680
715975944246001676
572291796487634946
277728413710680064
787588789396045845
717263867666890824
597593925250842634
763153270058647562
729383015217627177
765771970528280656
854734282462462013
776741898849222676
775725143796088872
757151315897090079
860536022618210385
854753480630730772
231323187072204801
556817959541014528
640930318039121944
294882584201003009
782639447900160010
853069352420638741
789721780604108841
591476135305674762
743510502130450552
813832133100568586
493320149315747840
720495677872013422
756877078900768809
460466646348201986
857176665338937374
814027188017561641
852775625076506666
690805364110786561
846321665348337734
800274394161086474
835503807131156491
821065695571476521
855675596793053235
854357304140365824
801357145647611914
854689153954086943
850037548377440285
790784802017640478
853989123824156704
800301168013869096
843188256228638721
846777154507112509
368057872967532546
845639901801611284
853079512241143839
791266123173593109
762726941790830633
852404874846011413
720351927581278219
812402137140559882
852742867470123042
839502818703704094
710467044318904341
857663741751197766
785812974865743872
371700379215200257
843759977399058432
685390233826492468
753654546852610201
763089824323862539
750285866487906335
828616367196078080
846499072533856266
772301403057815572
852596083074531380
599887666300977152
807679224214847528
803914594858958848
830810343898087474
760759341581336576
853077963859034112
715923221379285012
852528395556618280
430760017038147584
408785106942164992
678236559845097479
713465939743604807
731206368282935346
644505331547897857
582537632991543307
725219173667569675
546564601639338005
851450293749022733
391312695409901570
852776537391759382
342704458419011585
852761424790028288
785557028860067860
852853189506236417
696152775926743050
770517974490152960
831137699888365608
848463733146517514
719151683682304031
713776677523554364
840849687703060510
762923718191349760
686774453589508096
744667531150622831
852404292958552085
842762654690836511
853166432375013397
812636060411756565
563677275565064195
235148962103951360
719981758900076666
657950735845163037
803129934984773633
751324785551868018
853117947698348053
733034173790683146
855666753459322890
155149108183695360
728854575917957204
584767632268460032
853963440870391818
713557678693023795
758344585763749958
820285926433095720
845059723346444298
766225550561509397
832336448928874536
744433331478855825
838565538266873866
848649709219479573
714131080617394217
503227004582100994
749231520451002368
715611783116750888
677858020553916428
744856721197105165
833953974293757952
434083314278596638
776834529133985813
701840208563404855
842809604513071125
701398357834203136
853247300779114507
853163924215169054
726092313465716816
853109573102731335
848303774279532544
704896116709261382
462537927956889602
848069980561342495
854854280736669706
857562295139303445
854443951230418954
854038354135482368
853301523236126752
706482731650908170
820407032087445544
817280637513760769
449090607902621696
859239050454761534
849603185319608331
855660901910183936
721614852594073670
689595805144842369
393415836850847755
660026457220972554
383673928788213786
852768522627186719
787551562103783454
799244981075968041
854244690873942016
808523478085009469
855136281491537960
531759773767565332
832156246102507520
764727788434489375
434859282081644568
833584997641224193
364123665748459522
724148695016144946
852840329782886460
552854560402833409
760178498073133086
852630086779273216
731436256990462042
652040372100399104
848172635434254348
856544997754535986
799551903444762645
769442702705688597
627790105645678613
852934858024026133
135668240318726144
460872759086678016
853990940893380618
717253932644171797
849882047434063922
844916874554245140
731096724260651108
829038512762126378
697694366562779166
848108913252892673
729111069003481129
744186727744143390
838669243692220477
632497933081640991
621930391296802817
752774614676930651
767307563767169055
853227153515610112
436936659678789633
847551129969754133
723872813991329834
714514817188233218
744114864510861330
842966309964349501
714867524667179109
744894093251051580
736177837698056233
814015015429734470
789053365886910476
713726495373131817
303017574805929985
842270901479276554
541316983115743233
794130727586889748
803629057626341386
821938556732964882
833718136938430534
847137866500145184
856955936530890833
756859157302476840
502124722872516609
793361203689816085
722027639560208465
837613326955184138
831542025148956733
836902394699710465
772481277160062998
598149921274593305
837539294021287996
692298266171146241
852864904402698310
691353290394566727
741277714949865474
852913808547774485
579656721425760260
786481671162953779
806563103339839498
806782620960030750
758735062706421830
519387774747410432
779548062649417768
847417786477445130
839502958743388180
849165025687240724
717662314114842685
428349097787785226
769469539472900106
707928919310860299
853306474989748234
852875828824113173
819659143458848798
838029401815253022
821798146362310726
759373414854164480
800538374673793034
547905866255433758
790566615455760404
695941363681722378
609838155545313311
525878265186091008
676730387971571712
789549308881010752
840486950461112351
843172924256026657
845174760732360725
605392813198147605
800617694184865812
818796568630788117
398290241758298113
762527065563070525
781856821714616330
737681912960909313
345677902697857036
652352106623401994
762562338758328320
590974384613621762
587253288366374933
716115534357463041
769144655953657857
577507430942900253
544878824589099009
460404725171617792
663182367573147649
567434603170758656
852813125706973224
756820913302929508
853723681230815313
847692105962094604
852822455385980948
834361608258977812
704627961395150919
852894093230080020
851197805388234832
782850296111562782
852933587237994506
852452260130979890
739058014417453077
858500825588432937
523395250409046018
853329261959446570
854695828555300905
732499090767740971
234395307759108106
853983182961377321
819197566537039892
832829068843941888
717618410321739827
614206979010986020
806544927567773766
854624854489432084
755004361700016139
404357235389628416
735847991813865533
853115579661811743
738772964513808517
723156360715436043
609457884916350976
832889573595283457
727931370122379404
831554388002209872
853088241283366922
847657329717018634
859393969921720321
723492505026297976
750389681316954253
631506712615976986
853977171537690625
798126273603698759
831813594407895111
733238905624723536
827151800393400350
855208259828580393
829242165451292753
831353025687715872
852871336710766602
747446637495844974
855673425552867348
452457479045906444
602339693199360010
783815844999200798
722614437500026901
818750973777674251
753968135996178452
852826741994291220
712014447278948533
528435359952928773
300305506332049408
749132043019092106
622086107906965505
855019549979049984
852786837621833758
846408891893809152
262554409110732812
730034788928454718
667847754642620430
806569321521741834
852896654364901377
599534582051766272
722828967945568296
837715432579661914
761464140706480128
854038264310792232
762229345766473729
484533071547334657
853951292119318529
781914215287619595
847542224719183922
465019254895280129
458276816071950337
620183719201734658
811826663536590868
853283635042320434
811528098842804247
850944753368563762
852571598418083851
520157087058100225
792597460031766539
773182041533579274
574166440731607061
719871716805050388
778596545624539216
690936117780021269
827096437925216286
853170906519175198
851461534902648832
804646734394687488
692275071665963009
725743929231933510
414459081324232704
826735573045739533
648285436309143577
847008386427650058
854706264420384779
849967087535652894
852793712748920850
445785001930260480
546268422561071117
849920574699995149
852761474975662120
745191942471548969
846838057755607101
857133289323626528
694587239191019690
616265986361786369
647893106615910440
761893569186365451
854923153238523904
827786894099480586
822688135128285214
723101977411846204
828487435536564234
790637667103801364
